freq, data
2.800000000000000000e+09, -5.412249517403628474e+00
2.800250000000000000e+09, -5.406063027615857663e+00
2.800500000000000000e+09, -5.399810089283794134e+00
2.800750000000000000e+09, -5.393489746028461873e+00
2.801000000000000000e+09, -5.387101024178750031e+00
2.801250000000000000e+09, -5.380642932394354538e+00
2.801500000000000000e+09, -5.374114461279076771e+00
2.801750000000000000e+09, -5.367514582984204807e+00
2.802000000000000000e+09, -5.360842250801675313e+00
2.802250000000000000e+09, -5.354096398746715835e+00
2.802500000000000000e+09, -5.347275941129664645e+00
2.802750000000000000e+09, -5.340379772116632395e+00
2.803000000000000000e+09, -5.333406765278673412e+00
2.803250000000000000e+09, -5.326355773129139770e+00
2.803500000000000000e+09, -5.319225626648829142e+00
2.803750000000000000e+09, -5.312015134798591554e+00
2.804000000000000000e+09, -5.304723084018988288e+00
2.804250000000000000e+09, -5.297348237716621000e+00
2.804500000000000000e+09, -5.289889335736721598e+00
2.804750000000000000e+09, -5.282345093821577464e+00
2.805000000000000000e+09, -5.274714203054352346e+00
2.805250000000000000e+09, -5.266995329287864180e+00
2.805500000000000000e+09, -5.259187112557832222e+00
2.805750000000000000e+09, -5.251288166480129860e+00
2.806000000000000000e+09, -5.243297077631517311e+00
2.806250000000000000e+09, -5.235212404913363926e+00
2.806500000000000000e+09, -5.227032678897794327e+00
2.806750000000000000e+09, -5.218756401155719260e+00
2.807000000000000000e+09, -5.210382043566168520e+00
2.807250000000000000e+09, -5.201908047606324637e+00
2.807500000000000000e+09, -5.193332823621646277e+00
2.807750000000000000e+09, -5.184654750075431195e+00
2.808000000000000000e+09, -5.175872172777156166e+00
2.808250000000000000e+09, -5.166983404088902887e+00
2.808500000000000000e+09, -5.157986722109166422e+00
2.808750000000000000e+09, -5.148880369833275239e+00
2.809000000000000000e+09, -5.139662554289698093e+00
2.809250000000000000e+09, -5.130331445651389544e+00
2.809500000000000000e+09, -5.120885176321394283e+00
2.809750000000000000e+09, -5.111321839991814997e+00
2.810000000000000000e+09, -5.101639490675275113e+00
2.810250000000000000e+09, -5.091836141707937635e+00
2.810500000000000000e+09, -5.081909764723139489e+00
2.810750000000000000e+09, -5.071858288594619957e+00
2.811000000000000000e+09, -5.061679598348322706e+00
2.811250000000000000e+09, -5.051371534041704692e+00
2.811500000000000000e+09, -5.040931889609416849e+00
2.811750000000000000e+09, -5.030358411674209052e+00
2.812000000000000000e+09, -5.019648798321854066e+00
2.812250000000000000e+09, -5.008800697838838190e+00
2.812500000000000000e+09, -4.997811707411512927e+00
2.812750000000000000e+09, -4.986679371785356807e+00
2.813000000000000000e+09, -4.975401181882947554e+00
2.813250000000000000e+09, -4.963974573379173805e+00
2.813500000000000000e+09, -4.952396925232166680e+00
2.813750000000000000e+09, -4.940665558168374716e+00
2.814000000000000000e+09, -4.928777733120126570e+00
2.814250000000000000e+09, -4.916730649613975324e+00
2.814500000000000000e+09, -4.904521444108040029e+00
2.814750000000000000e+09, -4.892147188276482872e+00
2.815000000000000000e+09, -4.879604887239198163e+00
2.815250000000000000e+09, -4.866891477734690774e+00
2.815500000000000000e+09, -4.854003826234050578e+00
2.815750000000000000e+09, -4.840938726993847752e+00
2.816000000000000000e+09, -4.827692900045651214e+00
2.816250000000000000e+09, -4.814262989119828084e+00
2.816500000000000000e+09, -4.800645559501120374e+00
2.816750000000000000e+09, -4.786837095813445409e+00
2.817000000000000000e+09, -4.772833999731221688e+00
2.817250000000000000e+09, -4.758632587614412657e+00
2.817500000000000000e+09, -4.744229088064370714e+00
2.817750000000000000e+09, -4.729619639397430575e+00
2.818000000000000000e+09, -4.714800287033053650e+00
2.818250000000000000e+09, -4.699766980793221194e+00
2.818500000000000000e+09, -4.684515572109578585e+00
2.818750000000000000e+09, -4.669041811134730047e+00
2.819000000000000000e+09, -4.653341343753877979e+00
2.819250000000000000e+09, -4.637409708492863381e+00
2.819500000000000000e+09, -4.621242333318468454e+00
2.819750000000000000e+09, -4.604834532326662178e+00
2.820000000000000000e+09, -4.588181502314271576e+00
2.820250000000000000e+09, -4.571278319229351794e+00
2.820500000000000000e+09, -4.554119934495322930e+00
2.820750000000000000e+09, -4.536701171203702643e+00
2.821000000000000000e+09, -4.519016720170014878e+00
2.821250000000000000e+09, -4.501061135847241879e+00
2.821500000000000000e+09, -4.482828832090863358e+00
2.821750000000000000e+09, -4.464314077769298450e+00
2.822000000000000000e+09, -4.445510992213252521e+00
2.822250000000000000e+09, -4.426413540497142307e+00
2.822500000000000000e+09, -4.407015528545493055e+00
2.822750000000000000e+09, -4.387310598056802569e+00
2.823000000000000000e+09, -4.367292221237057959e+00
2.823250000000000000e+09, -4.346953695334660139e+00
2.823500000000000000e+09, -4.326288136968155840e+00
2.823750000000000000e+09, -4.305288476237708828e+00
2.824000000000000000e+09, -4.283947450610829932e+00
2.824250000000000000e+09, -4.262257598572384509e+00
2.824500000000000000e+09, -4.240211253028427940e+00
2.824750000000000000e+09, -4.217800534452845085e+00
2.825000000000000000e+09, -4.195017343765280238e+00
2.825250000000000000e+09, -4.171853354928183322e+00
2.825500000000000000e+09, -4.148300007250233179e+00
2.825750000000000000e+09, -4.124348497382711365e+00
2.826000000000000000e+09, -4.099989770994712401e+00
2.826250000000000000e+09, -4.075214514112339259e+00
2.826500000000000000e+09, -4.050013144106262786e+00
2.826750000000000000e+09, -4.024375800311180917e+00
2.827000000000000000e+09, -3.998292334259862635e+00
2.827250000000000000e+09, -3.971752299513513940e+00
2.827500000000000000e+09, -3.944744941069250554e+00
2.827750000000000000e+09, -3.917259184324387356e+00
2.828000000000000000e+09, -3.889283623576186955e+00
2.828250000000000000e+09, -3.860806510034516137e+00
2.828500000000000000e+09, -3.831815739323630510e+00
2.828750000000000000e+09, -3.802298838447988771e+00
2.829000000000000000e+09, -3.772242952195587584e+00
2.829250000000000000e+09, -3.741634828950840763e+00
2.829500000000000000e+09, -3.710460805887424662e+00
2.829750000000000000e+09, -3.678706793509855633e+00
2.830000000000000000e+09, -3.646358259510748212e+00
2.830250000000000000e+09, -3.613400211908833981e+00
2.830500000000000000e+09, -3.579817181430769324e+00
2.830750000000000000e+09, -3.545593203097616275e+00
2.831000000000000000e+09, -3.510711796974595345e+00
2.831250000000000000e+09, -3.475155948040224541e+00
2.831500000000000000e+09, -3.438908085128402625e+00
2.831750000000000000e+09, -3.401950058894156470e+00
2.832000000000000000e+09, -3.364263118750837389e+00
2.832250000000000000e+09, -3.325827888723364989e+00
2.832500000000000000e+09, -3.286624342158731338e+00
2.832750000000000000e+09, -3.246631775231358041e+00
2.833000000000000000e+09, -3.205828779177020138e+00
2.833250000000000000e+09, -3.164193211184939791e+00
2.833500000000000000e+09, -3.121702163873170122e+00
2.833750000000000000e+09, -3.078331933267713261e+00
2.834000000000000000e+09, -3.034057985200678154e+00
2.834250000000000000e+09, -2.988854920037382179e+00
2.834500000000000000e+09, -2.942696435636445784e+00
2.834750000000000000e+09, -2.895555288440674779e+00
2.835000000000000000e+09, -2.847403252589813416e+00
2.835250000000000000e+09, -2.798211076939031372e+00
2.835500000000000000e+09, -2.747948439859271286e+00
2.835750000000000000e+09, -2.696583901687247042e+00
2.836000000000000000e+09, -2.644084854683931063e+00
2.836250000000000000e+09, -2.590417470350738327e+00
2.836500000000000000e+09, -2.535546643942232947e+00
2.836750000000000000e+09, -2.479435936003023144e+00
2.837000000000000000e+09, -2.422047510744439247e+00
2.837250000000000000e+09, -2.363342071063648131e+00
2.837500000000000000e+09, -2.303278789993788767e+00
2.837750000000000000e+09, -2.241815238358626061e+00
2.838000000000000000e+09, -2.178907308388854602e+00
2.838250000000000000e+09, -2.114509133039509159e+00
2.838500000000000000e+09, -2.048573000728837634e+00
2.838750000000000000e+09, -1.981049265198297604e+00
2.839000000000000000e+09, -1.911886250170932833e+00
2.839250000000000000e+09, -1.841030148461098470e+00
2.839500000000000000e+09, -1.768424915162176703e+00
2.839750000000000000e+09, -1.694012154510358137e+00
2.840000000000000000e+09, -1.617730999991494834e+00
2.840250000000000000e+09, -1.539517987224351181e+00
2.840500000000000000e+09, -1.459306919116880152e+00
2.840750000000000000e+09, -1.377028722752241308e+00
2.841000000000000000e+09, -1.292611297417834315e+00
2.841250000000000000e+09, -1.205979353143232125e+00
2.841500000000000000e+09, -1.117054239061244125e+00
2.841750000000000000e+09, -1.025753760849956286e+00
2.842000000000000000e+09, -9.319919864519823349e-01
2.842250000000000000e+09, -8.356790391998272227e-01
2.842500000000000000e+09, -7.367208774025870710e-01
2.842750000000000000e+09, -6.350190593685036688e-01
2.843000000000000000e+09, -5.304704927495320632e-01
2.843250000000000000e+09, -4.229671669969912173e-01
2.843500000000000000e+09, -3.123958676110154542e-01
2.843750000000000000e+09, -1.986378707494145246e-01
2.844000000000000000e+09, -8.156861663297299003e-02
2.844250000000000000e+09, 3.894263995748037388e-02
2.844500000000000000e+09, 1.630332039529358568e-01
2.844750000000000000e+09, 2.908473410698091399e-01
2.845000000000000000e+09, 4.225367079081427946e-01
2.845250000000000000e+09, 5.582608135071582822e-01
2.845500000000000000e+09, 6.981875150232452754e-01
2.845750000000000000e+09, 8.424935504525654650e-01
2.846000000000000000e+09, 9.913651116055577361e-01
2.846250000000000000e+09, 1.144998460856902156e+00
2.846500000000000000e+09, 1.303600595545922225e+00
2.846750000000000000e+09, 1.467389964293063009e+00
2.847000000000000000e+09, 1.636597239933192505e+00
2.847250000000000000e+09, 1.811466154251291094e+00
2.847500000000000000e+09, 1.992254400247261081e+00
2.847750000000000000e+09, 2.179234608261022110e+00
2.848000000000000000e+09, 2.372695402965468325e+00
2.848250000000000000e+09, 2.572942548992183553e+00
2.848500000000000000e+09, 2.780300193804316145e+00
2.848750000000000000e+09, 2.995112217384874320e+00
2.849000000000000000e+09, 3.217743699381254707e+00
2.849250000000000000e+09, 3.448582515554401873e+00
2.849500000000000000e+09, 3.688041076742664792e+00
2.849750000000000000e+09, 3.936558225087810392e+00
2.850000000000000000e+09, 4.194601304008975795e+00
2.850250000000000000e+09, 4.462668420379023893e+00
2.850500000000000000e+09, 4.741290919590240627e+00
2.850750000000000000e+09, 5.031036096732230511e+00
2.851000000000000000e+09, 5.332510169989773452e+00
2.851250000000000000e+09, 5.646361545655710579e+00
2.851500000000000000e+09, 5.973284407905686599e+00
2.851750000000000000e+09, 6.314022670771037404e+00
2.852000000000000000e+09, 6.669374334657985237e+00
2.852250000000000000e+09, 7.040196295396575543e+00
2.852500000000000000e+09, 7.427409660278674330e+00
2.852750000000000000e+09, 7.832005633000448164e+00
2.853000000000000000e+09, 8.255052038024771832e+00
2.853250000000000000e+09, 8.697700564817669289e+00
2.853500000000000000e+09, 9.161194823920332908e+00
2.853750000000000000e+09, 9.646879320168377347e+00
2.854000000000000000e+09, 1.015620946388902368e+01
2.854250000000000000e+09, 1.069076275898332895e+01
2.854500000000000000e+09, 1.125225132790024318e+01
2.854750000000000000e+09, 1.184253595818874416e+01
2.855000000000000000e+09, 1.246364188424287889e+01
2.855250000000000000e+09, 1.311777655183745139e+01
2.855500000000000000e+09, 1.380734965305850537e+01
2.855750000000000000e+09, 1.453499576643590174e+01
2.856000000000000000e+09, 1.530359999290210382e+01
2.856250000000000000e+09, 1.611632704435178454e+01
2.856500000000000000e+09, 1.697665432014875009e+01
2.856750000000000000e+09, 1.788840960046005435e+01
2.857000000000000000e+09, 1.885581409688562715e+01
2.857250000000000000e+09, 1.988353173426832754e+01
2.857500000000000000e+09, 2.097672569741920867e+01
2.857750000000000000e+09, 2.214112346839948486e+01
2.858000000000000000e+09, 2.338309181083063137e+01
2.858250000000000000e+09, 2.470972343583677500e+01
2.858500000000000000e+09, 2.612893741986639284e+01
2.858750000000000000e+09, 2.764959585019589738e+01
2.859000000000000000e+09, 2.928163966438824772e+01
2.859250000000000000e+09, 3.103624724339620755e+01
2.859500000000000000e+09, 3.292602003582082659e+01
2.859750000000000000e+09, 3.496520035823836281e+01
2.860000000000000000e+09, 3.716992756239454110e+01
2.860250000000000000e+09, 3.955854001649463214e+01
2.860500000000000000e+09, 4.215193184837151108e+01
2.860750000000000000e+09, 4.497397517449188342e+01
2.861000000000000000e+09, 4.805202061296844107e+01
2.861250000000000000e+09, 5.141749125138857579e+01
2.861500000000000000e+09, 5.510658786682266452e+01
2.861750000000000000e+09, 5.916112594661623802e+01
2.862000000000000000e+09, 6.362952765266776112e+01
2.862250000000000000e+09, 6.856799375989783130e+01
2.862500000000000000e+09, 7.404188077434511683e+01
2.862750000000000000e+09, 8.012730511667672317e+01
2.863000000000000000e+09, 8.691298637227551183e+01
2.863250000000000000e+09, 9.450231996972215143e+01
2.863500000000000000e+09, 1.030156276389190282e+02
2.863750000000000000e+09, 1.125924575780847618e+02
2.864000000000000000e+09, 1.233936730648902795e+02
2.864250000000000000e+09, 1.356028437738319496e+02
2.864500000000000000e+09, 1.494260875495272387e+02
2.864750000000000000e+09, 1.650889329905722889e+02
2.865000000000000000e+09, 1.828279055716191692e+02
2.865250000000000000e+09, 2.028733261382961359e+02
2.865500000000000000e+09, 2.254183121703728716e+02
2.865750000000000000e+09, 2.505675815117242280e+02
2.866000000000000000e+09, 2.782594925860420290e+02
2.866250000000000000e+09, 3.081581976914924326e+02
2.866500000000000000e+09, 3.395237389234971488e+02
2.866750000000000000e+09, 3.710904106272749914e+02
2.867000000000000000e+09, 4.010165264323845236e+02
2.867250000000000000e+09, 4.269953661000587317e+02
2.867500000000000000e+09, 4.465999692950845201e+02
2.867750000000000000e+09, 4.578364917728213186e+02
2.868000000000000000e+09, 4.597248870785755912e+02
2.868250000000000000e+09, 4.526310445672155538e+02
2.868500000000000000e+09, 4.381664978244110671e+02
2.868750000000000000e+09, 4.187140117824512799e+02
2.869000000000000000e+09, 3.968302986925074833e+02
2.869250000000000000e+09, 3.747767408836600680e+02
2.869500000000000000e+09, 3.542876285007133674e+02
2.869750000000000000e+09, 3.365462148606966366e+02
2.870000000000000000e+09, 3.222795643462514477e+02
2.870250000000000000e+09, 3.118911116574323614e+02
2.870500000000000000e+09, 3.055822832535882299e+02
2.870750000000000000e+09, 3.034429033008759689e+02
2.871000000000000000e+09, 3.055060728558594292e+02
2.871250000000000000e+09, 3.117688821984298784e+02
2.871500000000000000e+09, 3.221801490271017769e+02
2.871750000000000000e+09, 3.365941486922175727e+02
2.872000000000000000e+09, 3.546881685804460176e+02
2.872250000000000000e+09, 3.758452434435225200e+02
2.872500000000000000e+09, 3.990161367585554899e+02
2.872750000000000000e+09, 4.226001732217204676e+02
2.873000000000000000e+09, 4.444190233115666047e+02
2.873250000000000000e+09, 4.618788562602762227e+02
2.873500000000000000e+09, 4.723819086411537000e+02
2.873750000000000000e+09, 4.739274859777097504e+02
2.874000000000000000e+09, 4.656807210299393205e+02
2.874250000000000000e+09, 4.482243017588515954e+02
2.874500000000000000e+09, 4.233501053417635376e+02
2.874750000000000000e+09, 3.935084101604487614e+02
2.875000000000000000e+09, 3.611945534695161655e+02
2.875250000000000000e+09, 3.285088378978043693e+02
2.875500000000000000e+09, 2.969667004053262644e+02
2.875750000000000000e+09, 2.675068698725675631e+02
2.876000000000000000e+09, 2.406025980791538075e+02
2.876250000000000000e+09, 2.163990019879364013e+02
2.876500000000000000e+09, 1.948345668021288191e+02
2.876750000000000000e+09, 1.757324513980791778e+02
2.877000000000000000e+09, 1.588622042343391172e+02
2.877250000000000000e+09, 1.439781285245525453e+02
2.877500000000000000e+09, 1.308412407444540690e+02
2.877750000000000000e+09, 1.192305570571268873e+02
2.878000000000000000e+09, 1.089478487645818063e+02
2.878250000000000000e+09, 9.981863025985069271e+01
2.878500000000000000e+09, 9.169112558834349613e+01
2.878750000000000000e+09, 8.443426910981914091e+01
2.879000000000000000e+09, 7.793535128473476448e+01
2.879250000000000000e+09, 7.209764538279314650e+01
2.879500000000000000e+09, 6.683818590671565119e+01
2.879750000000000000e+09, 6.208577373974291902e+01
2.880000000000000000e+09, 5.777922953552271679e+01
2.880250000000000000e+09, 5.386588861274746876e+01
2.880500000000000000e+09, 5.030031705150018695e+01
2.880750000000000000e+09, 4.704322342622695885e+01
2.881000000000000000e+09, 4.406053984979992322e+01
2.881250000000000000e+09, 4.132264752366971550e+01
2.881500000000000000e+09, 3.880372452321261534e+01
2.881750000000000000e+09, 3.648119639458185759e+01
2.882000000000000000e+09, 3.433527293151790616e+01
2.882250000000000000e+09, 3.234855706075747861e+01
2.882500000000000000e+09, 3.050571402331356197e+01
2.882750000000000000e+09, 2.879319098431095725e+01
2.883000000000000000e+09, 2.719897885388105507e+01
2.883250000000000000e+09, 2.571240948650173053e+01
2.883500000000000000e+09, 2.432398258084320020e+01
2.883750000000000000e+09, 2.302521756074800763e+01
2.884000000000000000e+09, 2.180852651165363909e+01
2.884250000000000000e+09, 2.066710490301689873e+01
2.884500000000000000e+09, 1.959483736966679501e+01
2.884750000000000000e+09, 1.858621627336432880e+01
2.885000000000000000e+09, 1.763627113675914870e+01
2.885250000000000000e+09, 1.674050734913179284e+01
2.885500000000000000e+09, 1.589485279810994811e+01
2.885750000000000000e+09, 1.509561129324009698e+01
2.886000000000000000e+09, 1.433942182349995420e+01
2.886250000000000000e+09, 1.362322283779289833e+01
2.886500000000000000e+09, 1.294422086028141194e+01
2.886750000000000000e+09, 1.229986285527846235e+01
2.887000000000000000e+09, 1.168781184275306018e+01
2.887250000000000000e+09, 1.110592533813465721e+01
2.887500000000000000e+09, 1.055223625133345422e+01
2.887750000000000000e+09, 1.002493593163256946e+01
2.888000000000000000e+09, 9.522359088923533221e+00
2.888250000000000000e+09, 9.042970358943314579e+00
2.888500000000000000e+09, 8.585352311801436542e+00
2.888750000000000000e+09, 8.148194730048125223e+00
2.889000000000000000e+09, 7.730285005567078649e+00
2.889250000000000000e+09, 7.330499524293284885e+00
2.889500000000000000e+09, 6.947795924670224998e+00
2.889750000000000000e+09, 6.581206130299471546e+00
2.890000000000000000e+09, 6.229830069758064859e+00
2.890250000000000000e+09, 5.892830007365929212e+00
2.890500000000000000e+09, 5.569425418030010455e+00
2.890750000000000000e+09, 5.258888347387151718e+00
2.891000000000000000e+09, 4.960539205493891934e+00
2.891250000000000000e+09, 4.673742948420861687e+00
2.891500000000000000e+09, 4.397905607431106922e+00
2.891750000000000000e+09, 4.132471130065591858e+00
2.892000000000000000e+09, 3.876918501518264115e+00
2.892250000000000000e+09, 3.630759118237150140e+00
2.892500000000000000e+09, 3.393534388805039548e+00
2.892750000000000000e+09, 3.164813539891359717e+00
2.893000000000000000e+09, 2.944191607475969086e+00
2.893250000000000000e+09, 2.731287595668326240e+00
2.893500000000000000e+09, 2.525742787319070537e+00
2.893750000000000000e+09, 2.327219192276728243e+00
2.894000000000000000e+09, 2.135398120607944428e+00
2.894250000000000000e+09, 1.949978869398711900e+00
2.894500000000000000e+09, 1.770677512907078643e+00
2.894750000000000000e+09, 1.597225786862808583e+00
2.895000000000000000e+09, 1.429370058621571182e+00
2.895250000000000000e+09, 1.266870375694182371e+00
2.895500000000000000e+09, 1.109499585896855933e+00
2.895750000000000000e+09, 9.570425230164394392e-01
2.896000000000000000e+09, 8.092952524645093959e-01
2.896250000000000000e+09, 6.660643719133299001e-01
2.896500000000000000e+09, 5.271663623724505143e-01
2.896750000000000000e+09, 3.924269855826123532e-01
2.897000000000000000e+09, 2.616807239794107787e-01
2.897250000000000000e+09, 1.347702598171727217e-01
2.897500000000000000e+09, 1.154599034802394897e-02
2.897750000000000000e+09, -1.081344237743460113e-01
2.898000000000000000e+09, -2.244064794488194181e-01
2.898250000000000000e+09, -3.373992237975604880e-01
2.898500000000000000e+09, -4.472356207093728386e-01
2.898750000000000000e+09, -5.540328932283982155e-01
2.899000000000000000e+09, -6.579028435945675213e-01
2.899250000000000000e+09, -7.589521525914717515e-01
2.899500000000000000e+09, -8.572826597203411225e-01
2.899750000000000000e+09, -9.529916255943726711e-01
2.900000000000000000e+09, -1.046171977834489120e+00
2.900250000000000000e+09, -1.136912541644425900e+00
2.900500000000000000e+09, -1.225298256149218723e+00
2.900750000000000000e+09, -1.311410377495382917e+00
2.901000000000000000e+09, -1.395326669632947159e+00
2.901250000000000000e+09, -1.477121583627987178e+00
2.901500000000000000e+09, -1.556866426288991079e+00
2.901750000000000000e+09, -1.634629518830619688e+00
2.902000000000000000e+09, -1.710476346243630097e+00
2.902250000000000000e+09, -1.784469697989577774e+00
2.902500000000000000e+09, -1.856669800592886332e+00
2.902750000000000000e+09, -1.927134442660591418e+00
2.903000000000000000e+09, -1.995919092821300644e+00
2.903250000000000000e+09, -2.063077011039200492e+00
2.903500000000000000e+09, -2.128659353726151338e+00
2.903750000000000000e+09, -2.192715273044673729e+00
2.904000000000000000e+09, -2.255292010766839716e+00
2.904250000000000000e+09, -2.316434987028397341e+00
2.904500000000000000e+09, -2.376187884293809560e+00
2.904750000000000000e+09, -2.434592726826060982e+00
2.905000000000000000e+09, -2.491689955934899281e+00
2.905250000000000000e+09, -2.547518501258532631e+00
2.905500000000000000e+09, -2.602115848316598701e+00
2.905750000000000000e+09, -2.655518102556224669e+00
2.906000000000000000e+09, -2.707760050098262816e+00
2.906250000000000000e+09, -2.758875215377082579e+00
2.906500000000000000e+09, -2.808895915854628278e+00
2.906750000000000000e+09, -2.857853313977678056e+00
2.907000000000000000e+09, -2.905777466536325626e+00
2.907250000000000000e+09, -2.952697371571565199e+00
2.907500000000000000e+09, -2.998641012970441722e+00
2.907750000000000000e+09, -3.043635402878471119e+00
2.908000000000000000e+09, -3.087706622050887084e+00
2.908250000000000000e+09, -3.130879858256699233e+00
2.908500000000000000e+09, -3.173179442842481990e+00
2.908750000000000000e+09, -3.214628885556245930e+00
2.909000000000000000e+09, -3.255250907725609544e+00
2.909250000000000000e+09, -3.295067473878782849e+00
2.909500000000000000e+09, -3.334099821891544302e+00
2.909750000000000000e+09, -3.372368491738398255e+00
2.910000000000000000e+09, -3.409893352921485654e+00
2.910250000000000000e+09, -3.446693630646453510e+00
2.910500000000000000e+09, -3.482787930810438137e+00
2.910750000000000000e+09, -3.518194263863525073e+00
2.911000000000000000e+09, -3.552930067601502095e+00
2.911250000000000000e+09, -3.587012228944382208e+00
2.911500000000000000e+09, -3.620457104752080824e+00
2.911750000000000000e+09, -3.653280541725706598e+00
2.912000000000000000e+09, -3.685497895440188465e+00
2.912250000000000000e+09, -3.717124048551413651e+00
2.912500000000000000e+09, -3.748173428218630754e+00
2.912750000000000000e+09, -3.778660022780629291e+00
2.913000000000000000e+09, -3.808597397722088829e+00
2.913250000000000000e+09, -3.837998710964497295e+00
2.913500000000000000e+09, -3.866876727514169332e+00
2.913750000000000000e+09, -3.895243833498149399e+00
2.914000000000000000e+09, -3.923112049617119901e+00
2.914250000000000000e+09, -3.950493044042891366e+00
2.914500000000000000e+09, -3.977398144786588929e+00
2.914750000000000000e+09, -4.003838351562267306e+00
2.915000000000000000e+09, -4.029824347169397747e+00
2.915250000000000000e+09, -4.055366508416445193e+00
2.915500000000000000e+09, -4.080474916606611657e+00
2.915750000000000000e+09, -4.105159367605724086e+00
2.916000000000000000e+09, -4.129429381511240393e+00
2.916250000000000000e+09, -4.153294211940356639e+00
2.916500000000000000e+09, -4.176762854954326087e+00
2.916750000000000000e+09, -4.199844057635195860e+00
2.917000000000000000e+09, -4.222546326330400390e+00
2.917250000000000000e+09, -4.244877934579844414e+00
2.917500000000000000e+09, -4.266846930739419008e+00
2.917750000000000000e+09, -4.288461145314180101e+00
2.918000000000000000e+09, -4.309728198013779377e+00
2.918250000000000000e+09, -4.330655504542164635e+00
2.918500000000000000e+09, -4.351250283132889862e+00
2.918750000000000000e+09, -4.371519560840959606e+00
2.919000000000000000e+09, -4.391470179601480339e+00
2.919250000000000000e+09, -4.411108802065008661e+00
2.919500000000000000e+09, -4.430441917218946202e+00
2.919750000000000000e+09, -4.449475845803921636e+00
2.920000000000000000e+09, -4.468216745533690748e+00
2.920250000000000000e+09, -4.486670616126652078e+00
2.920500000000000000e+09, -4.504843304156747053e+00
2.920750000000000000e+09, -4.522740507731114690e+00
2.921000000000000000e+09, -4.540367781001549474e+00
2.921250000000000000e+09, -4.557730538516505447e+00
2.921500000000000000e+09, -4.574834059420052057e+00
2.921750000000000000e+09, -4.591683491503912862e+00
2.922000000000000000e+09, -4.608283855118461503e+00
2.922250000000000000e+09, -4.624640046948245597e+00
2.922500000000000000e+09, -4.640756843657401376e+00
2.922750000000000000e+09, -4.656638905410062534e+00
2.923000000000000000e+09, -4.672290779270646510e+00
2.923250000000000000e+09, -4.687716902488684667e+00
2.923500000000000000e+09, -4.702921605672674588e+00
2.923750000000000000e+09, -4.717909115857215951e+00
2.924000000000000000e+09, -4.732683559467520062e+00
2.924250000000000000e+09, -4.747248965185212555e+00
2.924500000000000000e+09, -4.761609266719164069e+00
2.924750000000000000e+09, -4.775768305484947795e+00
2.925000000000000000e+09, -4.789729833196341602e+00
2.925250000000000000e+09, -4.803497514372178756e+00
2.925500000000000000e+09, -4.817074928761695851e+00
2.925750000000000000e+09, -4.830465573691383518e+00
2.926000000000000000e+09, -4.843672866336257599e+00
2.926250000000000000e+09, -4.856700145918308564e+00
2.926500000000000000e+09, -4.869550675834788400e+00
2.926750000000000000e+09, -4.882227645718902664e+00
2.927000000000000000e+09, -4.894734173435336899e+00
2.927250000000000000e+09, -4.907073307012975505e+00
2.927500000000000000e+09, -4.919248026517061945e+00
2.927750000000000000e+09, -4.931261245862965659e+00
2.928000000000000000e+09, -4.943115814573628697e+00
2.928250000000000000e+09, -4.954814519482685142e+00
2.928500000000000000e+09, -4.966360086385173567e+00
2.928750000000000000e+09, -4.977755181637665949e+00
2.929000000000000000e+09, -4.989002413709599182e+00
2.929250000000000000e+09, -5.000104334687484275e+00
2.929500000000000000e+09, -5.011063441733645263e+00
2.929750000000000000e+09, -5.021882178501037686e+00
2.930000000000000000e+09, -5.032562936505660112e+00
2.930250000000000000e+09, -5.043108056458011745e+00
2.930500000000000000e+09, -5.053519829554980802e+00
2.930750000000000000e+09, -5.063800498733512789e+00
2.931000000000000000e+09, -5.073952259887334115e+00
2.931250000000000000e+09, -5.083977263047991357e+00
2.931500000000000000e+09, -5.093877613531380355e+00
2.931750000000000000e+09, -5.103655373050923316e+00
2.932000000000000000e+09, -5.113312560798501494e+00
2.932250000000000000e+09, -5.122851154494204806e+00
2.932500000000000000e+09, -5.132273091405920695e+00
2.932750000000000000e+09, -5.141580269339755205e+00
2.933000000000000000e+09, -5.150774547602242848e+00
2.933250000000000000e+09, -5.159857747935237882e+00
2.933500000000000000e+09, -5.168831655424403593e+00
2.933750000000000000e+09, -5.177698019382126482e+00
2.934000000000000000e+09, -5.186458554205676030e+00
2.934250000000000000e+09, -5.195114940211421839e+00
2.934500000000000000e+09, -5.203668824445844443e+00
2.934750000000000000e+09, -5.212121821474088534e+00
2.935000000000000000e+09, -5.220475514146771800e+00
2.935250000000000000e+09, -5.228731454345716401e+00
2.935500000000000000e+09, -5.236891163709287866e+00
2.935750000000000000e+09, -5.244956134337948050e+00
2.936000000000000000e+09, -5.252927829480662503e+00
2.936250000000000000e+09, -5.260807684202741363e+00
2.936500000000000000e+09, -5.268597106035690203e+00
2.936750000000000000e+09, -5.276297475609619703e+00
2.937000000000000000e+09, -5.283910147268755964e+00
2.937250000000000000e+09, -5.291436449670554154e+00
2.937500000000000000e+09, -5.298877686368923534e+00
2.937750000000000000e+09, -5.306235136382041695e+00
2.938000000000000000e+09, -5.313510054745222533e+00
2.938250000000000000e+09, -5.320703673049277604e+00
2.938500000000000000e+09, -5.327817199964821171e+00
2.938750000000000000e+09, -5.334851821752923939e+00
2.939000000000000000e+09, -5.341808702762527616e+00
2.939250000000000000e+09, -5.348688985915005745e+00
2.939500000000000000e+09, -5.355493793176258954e+00
2.939750000000000000e+09, -5.362224226016699014e+00
