5.500000000000000000e+02, 1.818181818181818292e-06, 1.461706168478912144e-03, 0.000000000000000000e+00, 4.952093422827541502e-17
5.600000000000000000e+02, 1.785714285714285679e-06, 1.435604597391445386e-03, 0.000000000000000000e+00, 3.732365978781349014e-17
5.700000000000000000e+02, 1.754385964912280741e-06, 1.410418854257312112e-03, 0.000000000000000000e+00, -2.710505431213761085e-20
5.800000000000000000e+02, 1.724137931034482703e-06, 1.386101569783475436e-03, 0.000000000000000000e+00, 4.092863201132779238e-17
5.900000000000000000e+02, 1.694915254237288156e-06, 1.362608586062215429e-03, 0.000000000000000000e+00, 1.553119612085485102e-17
6.000000000000000000e+02, 1.666666666666666662e-06, 1.339898688964562658e-03, 0.000000000000000000e+00, 2.493664996716660198e-18
6.100000000000000000e+02, 1.639344262295082101e-06, 1.317933366854297673e-03, 0.000000000000000000e+00, -6.724763974841341252e-17
6.200000000000000000e+02, 1.612903225806451595e-06, 1.296676592652825765e-03, 0.000000000000000000e+00, 6.179952383167375274e-18
6.300000000000000000e+02, 1.587301587301587317e-06, 1.276094626657044151e-03, 0.000000000000000000e+00, -5.748982019604387261e-17
6.400000000000000000e+02, 1.562500000000000075e-06, 1.256155837844240286e-03, 0.000000000000000000e+00, -1.060891825777066089e-16
6.500000000000000000e+02, 1.538461538461538506e-06, 1.236830541670121261e-03, 0.000000000000000000e+00, -2.325613659981407011e-17
6.600000000000000000e+02, 1.515151515151515243e-06, 1.218090852612362888e-03, 0.000000000000000000e+00, -4.065758146820641628e-17
6.700000000000000000e+02, 1.492537313432835785e-06, 1.199910549919095499e-03, 0.000000000000000000e+00, 3.523657060577889411e-18
6.800000000000000000e+02, 1.470588235294117730e-06, 1.182264955202401912e-03, 0.000000000000000000e+00, 8.817274167738364810e-17
6.900000000000000000e+02, 1.449275362318840594e-06, 1.165130820675274164e-03, 0.000000000000000000e+00, 2.778268066994105112e-17
7.000000000000000000e+02, 1.428571428571428628e-06, 1.148486226969201891e-03, 0.000000000000000000e+00, 6.735605996566196296e-17
7.100000000000000000e+02, 1.408450704225352112e-06, 1.132310489584754118e-03, 0.000000000000000000e+00, -4.930409379377831414e-17
7.200000000000000000e+02, 1.388888888888888955e-06, 1.116584073140035153e-03, 0.000000000000000000e+00, 4.694595406862234199e-17
7.300000000000000000e+02, 1.369863013698630217e-06, 1.101288512664214429e-03, 0.000000000000000000e+00, -2.295798100238055639e-17
7.400000000000000000e+02, 1.351351351351351296e-06, 1.086406341275600925e-03, 0.000000000000000000e+00, 8.510987054011209807e-18
7.500000000000000000e+02, 1.333333333333333414e-06, 1.071921023642575079e-03, 0.000000000000000000e+00, 3.610393234376729765e-17
7.600000000000000000e+02, 1.315789473684210556e-06, 1.057816894699230986e-03, 0.000000000000000000e+00, 1.786223079169868555e-17
7.700000000000000000e+02, 1.298701298701298810e-06, 1.044079103135939733e-03, 0.000000000000000000e+00, -2.637321784570989536e-17
7.800000000000000000e+02, 1.282051282051281982e-06, 1.030693559236173706e-03, 0.000000000000000000e+00, -3.447762908503904100e-17
7.900000000000000000e+02, 1.265822784810126533e-06, 1.017646886675508929e-03, 0.000000000000000000e+00, 3.831299427020651294e-17
8.000000000000000000e+02, 1.250000000000000102e-06, 1.004926377934902294e-03, 0.000000000000000000e+00, 4.174178364069192071e-18
8.100000000000000000e+02, 1.234567901234567913e-06, 9.925199530181497230e-04, 0.000000000000000000e+00, 8.551644635479416223e-17
8.200000000000000000e+02, 1.219512195121951159e-06, 9.804161211883050640e-04, 0.000000000000000000e+00, 2.974779710757102791e-17
8.300000000000000000e+02, 1.204819277108433805e-06, 9.686039454707640267e-04, 0.000000000000000000e+00, -4.784042086092288315e-17
8.400000000000000000e+02, 1.190476190476190594e-06, 9.570730096925631749e-04, 0.000000000000000000e+00, 1.382357769919018153e-17
8.500000000000000000e+02, 1.176470588235294226e-06, 9.458133878456452407e-04, 0.000000000000000000e+00, -2.306640121962910683e-17
8.600000000000000000e+02, 1.162790697674418577e-06, 9.348156155919882734e-04, 0.000000000000000000e+00, -2.424547108220709291e-17
8.700000000000000000e+02, 1.149425287356321872e-06, 9.240706637287376957e-04, 0.000000000000000000e+00, -8.822695178600792332e-18
8.800000000000000000e+02, 1.136363636363636380e-06, 9.135699134666579267e-04, 0.000000000000000000e+00, 1.127570259384924611e-17
8.900000000000000000e+02, 1.123595505617977480e-06, 9.033051333727610491e-04, 0.000000000000000000e+00, -8.971772977317549191e-18
9.000000000000000000e+02, 1.111111111111111037e-06, 8.932684578514097935e-04, 0.000000000000000000e+00, -3.590064443642626557e-17
9.100000000000000000e+02, 1.098901098901098993e-06, 8.834523670429366912e-04, 0.000000000000000000e+00, 3.648340310413722420e-17
9.200000000000000000e+02, 1.086956521739130551e-06, 8.738496680341304021e-04, 0.000000000000000000e+00, -4.981908982570892874e-17
9.300000000000000000e+02, 1.075268817204301134e-06, 8.644534772815634996e-04, 0.000000000000000000e+00, 2.118259994493554288e-17
9.400000000000000000e+02, 1.063829787234042654e-06, 8.552572041544770701e-04, 0.000000000000000000e+00, -4.972422213561644710e-17
9.500000000000000000e+02, 1.052631578947368529e-06, 8.462545355200542510e-04, 0.000000000000000000e+00, 7.861821003235514027e-17
9.600000000000000000e+02, 1.041666666666666717e-06, 8.374394212890173871e-04, 0.000000000000000000e+00, 8.158621347953420866e-18
9.700000000000000000e+02, 1.030927835051546417e-06, 8.288060608584237347e-04, 0.000000000000000000e+00, -7.661243601325695707e-17
9.800000000000000000e+02, 1.020408163265306042e-06, 8.203488903819212280e-04, 0.000000000000000000e+00, -4.414058094731609927e-17
9.900000000000000000e+02, 1.010101010101010092e-06, 8.120625708128862211e-04, 0.000000000000000000e+00, 3.909904084525850365e-17
1.000000000000000000e+03, 9.999999999999999547e-07, 8.039419766639805580e-04, 0.000000000000000000e+00, -3.098107707877328920e-17
1.010000000000000000e+03, 9.900990099009901737e-07, 7.959821854362808969e-04, 0.000000000000000000e+00, 4.979198477139679113e-17
1.020000000000000000e+03, 9.803921568627450827e-07, 7.881784676673470698e-04, 0.000000000000000000e+00, -4.756937031780150704e-17
1.030000000000000000e+03, 9.708737864077670409e-07, 7.805262775623181010e-04, 0.000000000000000000e+00, -4.526544070126981012e-17
1.040000000000000000e+03, 9.615384615384614868e-07, 7.730212441625283412e-04, 0.000000000000000000e+00, 5.496905014501507480e-17
1.050000000000000000e+03, 9.523809523809523479e-07, 7.656591630203023581e-04, 0.000000000000000000e+00, -3.979021973021801273e-17
1.060000000000000000e+03, 9.433962264150943309e-07, 7.584359883457488958e-04, 0.000000000000000000e+00, 2.665782091598734027e-17
1.070000000000000000e+03, 9.345794392523364865e-07, 7.513478255913686810e-04, 0.000000000000000000e+00, 6.681395887941921075e-17
1.080000000000000000e+03, 9.259259259259259350e-07, 7.443909244512137606e-04, 0.000000000000000000e+00, 4.697305912293447960e-17
1.090000000000000000e+03, 9.174311926605504512e-07, 7.375616722442800664e-04, 0.000000000000000000e+00, -2.177891113980257032e-17
1.100000000000000000e+03, 9.090909090909091460e-07, 7.308565876587390505e-04, 0.000000000000000000e+00, -1.599198204416119040e-17
1.110000000000000000e+03, 9.009009009009009698e-07, 7.242723148340236318e-04, 0.000000000000000000e+00, -2.648163806295844580e-17
1.120000000000000000e+03, 8.928571428571428394e-07, 7.178056177612148663e-04, 0.000000000000000000e+00, -5.164868099177821748e-17
1.130000000000000000e+03, 8.849557522123893826e-07, 7.114533749792546985e-04, 0.000000000000000000e+00, -2.981555974335137194e-17
1.140000000000000000e+03, 8.771929824561403706e-07, 7.052125745514439478e-04, 0.000000000000000000e+00, 2.084378676603382274e-17
1.150000000000000000e+03, 8.695652173913043775e-07, 6.990803093027863268e-04, 0.000000000000000000e+00, -3.291908846209112838e-17
1.160000000000000000e+03, 8.620689655172413513e-07, 6.930537723058175035e-04, 0.000000000000000000e+00, 1.371515748194163109e-17
1.170000000000000000e+03, 8.547008547008547255e-07, 6.871302525948616829e-04, 0.000000000000000000e+00, -5.064579398222912587e-17
1.180000000000000000e+03, 8.474576271186440779e-07, 6.813071311014205463e-04, 0.000000000000000000e+00, 6.395437564948869280e-17
1.190000000000000000e+03, 8.403361344537815146e-07, 6.755818767915886284e-04, 0.000000000000000000e+00, -5.400682071693418962e-17
1.200000000000000000e+03, 8.333333333333333309e-07, 6.699520429994684865e-04, 0.000000000000000000e+00, -3.380000272723560073e-17
1.210000000000000000e+03, 8.264462809917356065e-07, 6.644152639395941532e-04, 0.000000000000000000e+00, -8.768485069976517110e-18
1.220000000000000000e+03, 8.196721311475410507e-07, 6.589692513930255633e-04, 0.000000000000000000e+00, 2.396086801192964799e-17
1.230000000000000000e+03, 8.130081300813008081e-07, 6.536117915536086972e-04, 0.000000000000000000e+00, 5.042895354773202499e-17
1.240000000000000000e+03, 8.064516129032257973e-07, 6.483407420280084448e-04, 0.000000000000000000e+00, -1.458251921993003464e-17
1.250000000000000000e+03, 7.999999999999999638e-07, 6.431540289792503709e-04, 0.000000000000000000e+00, -3.394908052595235759e-17
1.260000000000000000e+03, 7.936507936507936586e-07, 6.380496444060324577e-04, 0.000000000000000000e+00, 3.595485454505054079e-17
1.270000000000000000e+03, 7.874015748031496149e-07, 6.330256435502230449e-04, 0.000000000000000000e+00, -2.717281694791795488e-17
1.280000000000000000e+03, 7.812500000000000374e-07, 6.280801424277884662e-04, 0.000000000000000000e+00, -3.104883971455363323e-17
1.290000000000000000e+03, 7.751937984496124550e-07, 6.232113154721347775e-04, 0.000000000000000000e+00, 2.259206276916669864e-17
1.300000000000000000e+03, 7.692307692307692530e-07, 6.184173932873577705e-04, 0.000000000000000000e+00, 2.627835015561741372e-17
1.310000000000000000e+03, 7.633587786259542132e-07, 6.136966605049577490e-04, 0.000000000000000000e+00, -1.138412281109779656e-18
1.320000000000000000e+03, 7.575757575757576217e-07, 6.090474537369364085e-04, 0.000000000000000000e+00, 1.878380263831136432e-17
1.330000000000000000e+03, 7.518796992481203026e-07, 6.044681596216305158e-04, 0.000000000000000000e+00, -3.386776536301594476e-17
1.340000000000000000e+03, 7.462686567164178925e-07, 5.999572129573478574e-04, 0.000000000000000000e+00, 7.649046326885233782e-17
1.350000000000000000e+03, 7.407407407407407268e-07, 5.955130949181383334e-04, 0.000000000000000000e+00, 2.462494184257701946e-17
1.360000000000000000e+03, 7.352941176470588650e-07, 5.911343313494472245e-04, 0.000000000000000000e+00, -3.628011519679619212e-17
1.370000000000000000e+03, 7.299270072992701018e-07, 5.868194911376765693e-04, 0.000000000000000000e+00, -5.922454367202067971e-18
1.380000000000000000e+03, 7.246376811594202970e-07, 5.825671846500657261e-04, 0.000000000000000000e+00, 1.559895875663519504e-17
1.390000000000000000e+03, 7.194244604316547115e-07, 5.783760622434058708e-04, 0.000000000000000000e+00, -7.105589987926874684e-17
1.400000000000000000e+03, 7.142857142857143139e-07, 5.742448128355515926e-04, 0.000000000000000000e+00, -1.547698601223057580e-17
1.410000000000000000e+03, 7.092198581560284005e-07, 5.701721625380894078e-04, 0.000000000000000000e+00, 1.881090769262350193e-17
1.420000000000000000e+03, 7.042253521126760558e-07, 5.661568733460257659e-04, 0.000000000000000000e+00, 2.145365048805691899e-17
1.430000000000000000e+03, 6.993006993006993594e-07, 5.621977418843531697e-04, 0.000000000000000000e+00, 2.195509399283146479e-18
1.440000000000000000e+03, 6.944444444444444777e-07, 5.582935982048149639e-04, 0.000000000000000000e+00, 3.785220834690017355e-17
1.450000000000000000e+03, 6.896551724137931234e-07, 5.544433046332682136e-04, 0.000000000000000000e+00, -5.446760664024052900e-17
1.460000000000000000e+03, 6.849315068493151086e-07, 5.506457546648154452e-04, 0.000000000000000000e+00, -5.011724542314244246e-17
1.470000000000000000e+03, 6.802721088435374670e-07, 5.468998719032454542e-04, 0.000000000000000000e+00, -2.523480556460011570e-17
1.480000000000000000e+03, 6.756756756756756480e-07, 5.432046090440813746e-04, 0.000000000000000000e+00, -3.916680348103884768e-18
1.490000000000000000e+03, 6.711409395973154364e-07, 5.395589468981978583e-04, 0.000000000000000000e+00, 7.752045533271356703e-18
1.500000000000000000e+03, 6.666666666666667071e-07, 5.359618934545878205e-04, 0.000000000000000000e+00, -4.481820730511953954e-17
1.510000000000000000e+03, 6.622516556291390807e-07, 5.324124829810784280e-04, 0.000000000000000000e+00, -3.736431736928169656e-17
1.520000000000000000e+03, 6.578947368421052780e-07, 5.289097751590477771e-04, 0.000000000000000000e+00, 5.311235392463364846e-17
1.530000000000000000e+03, 6.535947712418300905e-07, 5.254528542530566759e-04, 0.000000000000000000e+00, 5.595838462740809760e-17
1.540000000000000000e+03, 6.493506493506494051e-07, 5.220408283132419803e-04, 0.000000000000000000e+00, 3.756760527662272864e-17
1.550000000000000000e+03, 6.451612903225807014e-07, 5.186728284076369457e-04, 0.000000000000000000e+00, 3.018147797656522968e-17
1.560000000000000000e+03, 6.410256410256409912e-07, 5.153480078842625784e-04, 0.000000000000000000e+00, -1.757085145784320623e-17
1.570000000000000000e+03, 6.369426751592356299e-07, 5.120655416623616897e-04, 0.000000000000000000e+00, -2.642742795433417058e-19
1.580000000000000000e+03, 6.329113924050632665e-07, 5.088246255484870934e-04, 0.000000000000000000e+00, -4.367979502400975989e-17
1.590000000000000000e+03, 6.289308176100628873e-07, 5.056244755810339548e-04, 0.000000000000000000e+00, -4.216191198253005368e-17
1.600000000000000000e+03, 6.250000000000000511e-07, 5.024643273969808289e-04, 0.000000000000000000e+00, 2.636644158213186095e-17
1.610000000000000000e+03, 6.211180124223602545e-07, 4.993434356236508328e-04, 0.000000000000000000e+00, 4.594984332265128479e-17
1.620000000000000000e+03, 6.172839506172839567e-07, 4.962610732926290300e-04, 0.000000000000000000e+00, -4.321900910070342050e-17
1.630000000000000000e+03, 6.134969325153374085e-07, 4.932165312753933502e-04, 0.000000000000000000e+00, 2.954450920022999583e-17
1.640000000000000000e+03, 6.097560975609755796e-07, 4.902091177385848545e-04, 0.000000000000000000e+00, -7.176063129138432473e-18
1.650000000000000000e+03, 6.060606060606060973e-07, 4.872381576212108148e-04, 0.000000000000000000e+00, -4.663424594403275947e-17
1.660000000000000000e+03, 6.024096385542169027e-07, 4.843029921282222274e-04, 0.000000000000000000e+00, -2.643420421791220498e-17
1.670000000000000000e+03, 5.988023952095808271e-07, 4.814029782442110286e-04, 0.000000000000000000e+00, -3.079134169858832593e-17
1.680000000000000000e+03, 5.952380952380952969e-07, 4.785374882636530495e-04, 0.000000000000000000e+00, -2.112161357273323326e-17
1.690000000000000000e+03, 5.917159763313610045e-07, 4.757059093378479542e-04, 0.000000000000000000e+00, -4.435064511823516575e-17
1.700000000000000000e+03, 5.882352941176471132e-07, 4.729076430380025156e-04, 0.000000000000000000e+00, -2.874491009802193631e-17
1.710000000000000000e+03, 5.847953216374268785e-07, 4.701421049337531463e-04, 0.000000000000000000e+00, 3.952594545067467102e-17
1.720000000000000000e+03, 5.813953488372092883e-07, 4.674087241857438103e-04, 0.000000000000000000e+00, -4.468945829713688589e-17
1.730000000000000000e+03, 5.780346820809248251e-07, 4.647069431538328166e-04, 0.000000000000000000e+00, 3.926167117113132932e-17
1.740000000000000000e+03, 5.747126436781609361e-07, 4.620362170162309193e-04, 0.000000000000000000e+00, -2.942931271940341098e-17
1.750000000000000000e+03, 5.714285714285713876e-07, 4.593960134050385172e-04, 0.000000000000000000e+00, 9.073416930988065232e-18
1.760000000000000000e+03, 5.681818181818181898e-07, 4.567858120510977769e-04, 0.000000000000000000e+00, 6.601435977721115123e-17
1.770000000000000000e+03, 5.649717514124293500e-07, 4.542051044428187657e-04, 0.000000000000000000e+00, 3.264126165539171787e-17
1.780000000000000000e+03, 5.617977528089887398e-07, 4.516533934958346513e-04, 0.000000000000000000e+00, 3.880766151140302433e-17
1.790000000000000000e+03, 5.586592178770950130e-07, 4.491301932337274177e-04, 0.000000000000000000e+00, -2.780300946067515433e-17
1.800000000000000000e+03, 5.555555555555555187e-07, 4.466350284797978611e-04, 0.000000000000000000e+00, 2.694920024984281959e-17
1.810000000000000000e+03, 5.524861878453039196e-07, 4.441674345578821149e-04, 0.000000000000000000e+00, -2.652907190800468662e-17
1.820000000000000000e+03, 5.494505494505494967e-07, 4.417269570049560542e-04, 0.000000000000000000e+00, -3.583288180064592154e-17
1.830000000000000000e+03, 5.464480874316939632e-07, 4.393131512915733313e-04, 0.000000000000000000e+00, 2.233456475320139134e-17
1.840000000000000000e+03, 5.434782608695652757e-07, 4.369255825514167823e-04, 0.000000000000000000e+00, -5.340373325848912778e-17
1.850000000000000000e+03, 5.405405405405405819e-07, 4.345638253213574323e-04, 0.000000000000000000e+00, 7.955333440612388785e-18
1.860000000000000000e+03, 5.376344086021505668e-07, 4.322274632874786187e-04, 0.000000000000000000e+00, -1.353219836533470222e-17
1.870000000000000000e+03, 5.347593582887700548e-07, 4.299160890411498552e-04, 0.000000000000000000e+00, 7.731716742537253495e-18
1.880000000000000000e+03, 5.319148936170213269e-07, 4.276293038419976857e-04, 0.000000000000000000e+00, -2.541776468120704457e-17
1.890000000000000000e+03, 5.291005291005291057e-07, 4.253667173885044965e-04, 0.000000000000000000e+00, -8.185726402265558477e-18
1.900000000000000000e+03, 5.263157894736842647e-07, 4.231279475960730905e-04, 0.000000000000000000e+00, -3.542630598596385738e-17
1.910000000000000000e+03, 5.235602094240838019e-07, 4.209126203818008469e-04, 0.000000000000000000e+00, 5.624298769768554251e-19
1.920000000000000000e+03, 5.208333333333333583e-07, 4.187203694561164461e-04, 0.000000000000000000e+00, -6.955834562852314384e-17
1.930000000000000000e+03, 5.181347150259067134e-07, 4.165508361211401125e-04, 0.000000000000000000e+00, -2.233456475320139134e-17
1.940000000000000000e+03, 5.154639175257732086e-07, 4.144036690745421178e-04, 0.000000000000000000e+00, 1.755729893068713743e-17
1.950000000000000000e+03, 5.128205128205128353e-07, 4.122785242203289555e-04, 0.000000000000000000e+00, 1.738789234123627736e-17
1.960000000000000000e+03, 5.102040816326530209e-07, 4.101750644846716533e-04, 0.000000000000000000e+00, 2.219903948164070329e-17
1.970000000000000000e+03, 5.076142131979695067e-07, 4.080929596382311115e-04, 0.000000000000000000e+00, -1.229214213055440652e-17
1.980000000000000000e+03, 5.050505050505050458e-07, 4.060318861225344555e-04, 0.000000000000000000e+00, 4.042041224297521218e-17
1.990000000000000000e+03, 5.025125628140703365e-07, 4.039915268829169363e-04, 0.000000000000000000e+00, -1.861439604886050425e-17
2.000000000000000000e+03, 4.999999999999999774e-07, 4.019715712062395252e-04, 0.000000000000000000e+00, 6.247037392589915861e-17
2.010000000000000000e+03, 4.975124378109453322e-07, 3.999717145617777457e-04, 0.000000000000000000e+00, -4.405248952080165203e-17
2.020000000000000000e+03, 4.950495049504950869e-07, 3.979916584499757957e-04, 0.000000000000000000e+00, -7.182839392716466875e-19
2.030000000000000000e+03, 4.926108374384237049e-07, 3.960311102525673060e-04, 0.000000000000000000e+00, 2.100641709190664841e-18
2.040000000000000000e+03, 4.901960784313725414e-07, 3.940897830888932915e-04, 0.000000000000000000e+00, -2.814182263957687447e-17
2.050000000000000000e+03, 4.878048780487805484e-07, 3.921673956763589339e-04, 0.000000000000000000e+00, 8.061720778787528907e-17
2.060000000000000000e+03, 4.854368932038835205e-07, 3.902636721935062204e-04, 0.000000000000000000e+00, 5.159447088315394225e-17
2.070000000000000000e+03, 4.830917874396135313e-07, 3.883783421491291115e-04, 0.000000000000000000e+00, -8.199278929421627282e-18
2.080000000000000000e+03, 4.807692307692307434e-07, 3.865111402540508047e-04, 0.000000000000000000e+00, 3.551439741247830462e-17
2.090000000000000000e+03, 4.784688995215311016e-07, 3.846618062956749838e-04, 0.000000000000000000e+00, -2.995786127849009439e-17
2.100000000000000000e+03, 4.761904761904761740e-07, 3.828300850185107512e-04, 0.000000000000000000e+00, -6.553324506317070863e-17
2.110000000000000000e+03, 4.739336492890995558e-07, 3.810157260055402556e-04, 0.000000000000000000e+00, -3.925489490755329491e-17
2.120000000000000000e+03, 4.716981132075471654e-07, 3.792184835648793420e-04, 0.000000000000000000e+00, -4.479110225080740193e-17
2.130000000000000000e+03, 4.694835680751173882e-07, 3.774381166184503163e-04, 0.000000000000000000e+00, -1.651375433966983941e-17
2.140000000000000000e+03, 4.672897196261682432e-07, 3.756743885941961499e-04, 0.000000000000000000e+00, 1.926491735235180691e-17
2.150000000000000000e+03, 4.651162790697674307e-07, 3.739270673216686116e-04, 0.000000000000000000e+00, 1.477903086369303232e-17
2.160000000000000000e+03, 4.629629629629629675e-07, 3.721959249295515924e-04, 0.000000000000000000e+00, -7.087971702623985237e-18
2.170000000000000000e+03, 4.608294930875576287e-07, 3.704807377470351374e-04, 0.000000000000000000e+00, -1.357963221038094304e-17
2.180000000000000000e+03, 4.587155963302752256e-07, 3.687812862075411113e-04, 0.000000000000000000e+00, -3.685609760092911635e-17
2.190000000000000000e+03, 4.566210045662100371e-07, 3.670973547545088489e-04, 0.000000000000000000e+00, -5.812678897237910647e-17
2.200000000000000000e+03, 4.545454545454545730e-07, 3.654287317509421194e-04, 0.000000000000000000e+00, -6.478107980600888993e-18
2.210000000000000000e+03, 4.524886877828054554e-07, 3.637752093899504122e-04, 0.000000000000000000e+00, 6.701724678676024283e-18
2.220000000000000000e+03, 4.504504504504504849e-07, 3.621365836092291300e-04, 0.000000000000000000e+00, 5.446083037666249460e-17
2.230000000000000000e+03, 4.484304932735426077e-07, 3.605126540065482516e-04, 0.000000000000000000e+00, -2.022037051685465769e-17
2.240000000000000000e+03, 4.464285714285714197e-07, 3.589032237585471075e-04, 0.000000000000000000e+00, 2.878556767949014272e-17
2.250000000000000000e+03, 4.444444444444444361e-07, 3.573080995407195001e-04, 0.000000000000000000e+00, 4.157915331481909504e-17
2.260000000000000000e+03, 4.424778761061946913e-07, 3.557270914501862004e-04, 0.000000000000000000e+00, -2.445553525312615939e-17
2.270000000000000000e+03, 4.405286343612335150e-07, 3.541600129307680665e-04, 0.000000000000000000e+00, 3.749306637726435021e-17
2.280000000000000000e+03, 4.385964912280701853e-07, 3.526066806985968184e-04, 0.000000000000000000e+00, -3.876022766635678352e-17
2.290000000000000000e+03, 4.366812227074236029e-07, 3.510669146719214585e-04, 0.000000000000000000e+00, 6.383240290508407355e-18
2.300000000000000000e+03, 4.347826086956521888e-07, 3.495405379001991181e-04, 0.000000000000000000e+00, 2.325613659981407011e-17
2.310000000000000000e+03, 4.329004329004329191e-07, 3.480273764973415974e-04, 0.000000000000000000e+00, 1.294943969762374358e-17
2.320000000000000000e+03, 4.310344827586206756e-07, 3.465272595751961470e-04, 0.000000000000000000e+00, -8.660064852727966667e-18
2.330000000000000000e+03, 4.291845493562231668e-07, 3.450400191794365931e-04, 0.000000000000000000e+00, 4.847738963725811701e-17
2.340000000000000000e+03, 4.273504273504273628e-07, 3.435654902263701803e-04, 0.000000000000000000e+00, -1.542277590360630057e-17
2.350000000000000000e+03, 4.255319148936170403e-07, 3.421035104427535634e-04, 0.000000000000000000e+00, 2.900240811398724361e-18
2.360000000000000000e+03, 4.237288135593220390e-07, 3.406539203053027829e-04, 0.000000000000000000e+00, -3.381355525439166954e-17
2.370000000000000000e+03, 4.219409282700422130e-07, 3.392165629834999196e-04, 0.000000000000000000e+00, 6.234162491791650496e-17
2.380000000000000000e+03, 4.201680672268907573e-07, 3.377912842819715987e-04, 0.000000000000000000e+00, -1.265806036376826427e-17
2.390000000000000000e+03, 4.184100418410041793e-07, 3.363779325867929547e-04, 0.000000000000000000e+00, -3.522301807862282530e-17
2.400000000000000000e+03, 4.166666666666666655e-07, 3.349763588106059145e-04, 0.000000000000000000e+00, -2.974102084399299351e-17
2.410000000000000000e+03, 4.149377593360996085e-07, 3.335864163403233018e-04, 0.000000000000000000e+00, -2.841287318269825057e-17
2.420000000000000000e+03, 4.132231404958678033e-07, 3.322079609864935054e-04, 0.000000000000000000e+00, -1.087590304274521635e-17
2.430000000000000000e+03, 4.115226337448559888e-07, 3.308408509330633212e-04, 0.000000000000000000e+00, -8.165397611531455269e-18
2.440000000000000000e+03, 4.098360655737705253e-07, 3.294849466886572132e-04, 0.000000000000000000e+00, -2.649519059011451461e-17
2.450000000000000000e+03, 4.081632653061224802e-07, 3.281401110396951651e-04, 0.000000000000000000e+00, 2.209061926439215284e-18
2.460000000000000000e+03, 4.065040650406504040e-07, 3.268062090033336435e-04, 0.000000000000000000e+00, 1.612073105214384405e-17
2.470000000000000000e+03, 4.048582995951417177e-07, 3.254831077829944985e-04, 0.000000000000000000e+00, 5.394583434473187999e-17
2.480000000000000000e+03, 4.032258064516128986e-07, 3.241706767235118442e-04, 0.000000000000000000e+00, -1.124859753953710850e-17
2.490000000000000000e+03, 4.016064257028112508e-07, 3.228687872690198042e-04, 0.000000000000000000e+00, -4.402538446648951442e-17
2.500000000000000000e+03, 3.999999999999999819e-07, 3.215773129206364253e-04, 0.000000000000000000e+00, -1.133668896605155574e-17
2.510000000000000000e+03, 3.984063745019920191e-07, 3.202961291949944626e-04, 0.000000000000000000e+00, 3.768280175744931348e-17
2.520000000000000000e+03, 3.968253968253968293e-07, 3.190251135847265470e-04, 0.000000000000000000e+00, 5.184519263554121515e-17
2.530000000000000000e+03, 3.952569169960474203e-07, 3.177641455195268235e-04, 0.000000000000000000e+00, -1.763183783004551586e-17
2.540000000000000000e+03, 3.937007874015748074e-07, 3.165131063279117904e-04, 0.000000000000000000e+00, 2.368981746880827188e-17
